0   32768.0  2048.0  7168.0         8.0  46117.889404
1   32768.0  4096.0  7168.0         8.0  92197.891235
2   16384.0  2048.0  7168.0         8.0  24478.721619
3   16384.0  4096.0  7168.0         8.0  46389.247894
4   12288.0  2048.0  7168.0         8.0  17320.959091
5   12288.0  4096.0  7168.0         8.0  36192.768097
6    8192.0  2048.0  7168.0         8.0  11688.960075
7    8192.0  4096.0  7168.0         8.0  23351.295471
8    4096.0  2048.0  7168.0         8.0   5896.192074
9    4096.0  4096.0  7168.0         8.0  11770.368576
10  32768.0  2048.0  7168.0         4.0  23307.777405
11  32768.0  4096.0  7168.0         4.0  46596.611023
12  16384.0  2048.0  7168.0         4.0  11748.352051
13  16384.0  4096.0  7168.0         4.0  23320.064545
14  12288.0  2048.0  7168.0         4.0   8763.392448
15  12288.0  4096.0  7168.0         4.0  17610.752106
16   8192.0  2048.0  7168.0         4.0   5786.623955
17   8192.0  4096.0  7168.0         4.0  11806.207657
18   4096.0  2048.0  7168.0         4.0   2969.599962
19   4096.0  4096.0  7168.0         4.0   5892.096043
20  32768.0  7168.0  1024.0         8.0  26739.711761
21  32768.0  7168.0  2048.0         8.0  49485.313416
22  16384.0  7168.0  1024.0         8.0  13453.311920
23  16384.0  7168.0  2048.0         8.0  25140.224457
24  12288.0  7168.0  1024.0         8.0  10261.504173
25  12288.0  7168.0  2048.0         8.0  18585.599899
26   8192.0  7168.0  1024.0         8.0   6708.223820
27   8192.0  7168.0  2048.0         8.0  12531.711578
28   4096.0  7168.0  1024.0         8.0   3368.959904
29   4096.0  7168.0  2048.0         8.0   6354.944229
30  32768.0  7168.0  1024.0         4.0  13434.880257
31  32768.0  7168.0  2048.0         4.0  24914.943695
32  16384.0  7168.0  1024.0         4.0   6650.367737
33  16384.0  7168.0  2048.0         4.0  12477.439880
34  12288.0  7168.0  1024.0         4.0   5048.319817
35  12288.0  7168.0  2048.0         4.0   9511.936188
36   8192.0  7168.0  1024.0         4.0   3344.895840
37   8192.0  7168.0  2048.0         4.0   6257.664204
38   4096.0  7168.0  1024.0         4.0   1687.551975
39   4096.0  7168.0  2048.0         4.0   3117.055893
